0 0.292683 0.000320707
0 0.317073 0.000347629
0 0.341463 0.000312082
0 0.365854 0.000227025
0 0.390244 0.000136186
0 0.414634 6.84932e-05
0 0.439024 3.04441e-05
0 0.463415 1.47966e-05
0 0.487805 6.48313e-06
0 -0.487805 -6.48313e-06
0 -0.463415 -1.47966e-05
0 -0.439024 -3.04441e-05
0 -0.414634 -6.84932e-05
0 -0.390244 -0.000136186
0 -0.365854 -0.000227025
0 -0.341463 -0.000312082
0 -0.317073 -0.000347629
0 -0.292683 -0.000320707
0 -0.268293 -0.000286179
0 -0.243902 -0.000324473
0 -0.219512 -0.00044569
0 -0.195122 -0.000565161
0 -0.170732 -0.000590556
0 -0.146341 -0.000506925
0 -0.121951 -0.000367612
0 -0.097561 -0.000232712
0 -0.0731707 -0.00013203
0 -0.0487805 -6.72726e-05
0 -0.0243902 -2.75861e-05
0 4.51028e-17 -1.0643e-09
0 0.0243902 2.75862e-05
0 0.0487805 6.72727e-05
0 0.0731707 0.00013203
0 0.097561 0.000232712
0 0.121951 0.000367612
0 0.146341 0.000506925
0 0.170732 0.000590556
0 0.195122 0.000565161
0 0.219512 0.00044569
0 0.243902 0.000324473
0 0.268293 0.000286179
0 -0.097561 -0.000232712
0 -0.0731707 -0.00013203
0 -0.0487805 -6.72726e-05
0 -0.0243902 -2.75861e-05
0 4.51028e-17 -1.0643e-09
0 0.0243902 2.75862e-05
0 0.0487805 6.72727e-05
0 0.0731707 0.00013203
0 -0.487805 -6.48313e-06
0 -0.463415 -1.47966e-05
0 -0.439024 -3.04441e-05
0 -0.414634 -6.84932e-05
0 -0.390244 -0.000136186
0 -0.365854 -0.000227025
0 -0.341463 -0.000312082
0 -0.317073 -0.000347629
0 -0.292683 -0.000320707
0 -0.268293 -0.000286179
0 -0.243902 -0.000324473
0 -0.219512 -0.00044569
0 -0.195122 -0.000565161
0 -0.170732 -0.000590556
0 -0.146341 -0.000506925
0 -0.121951 -0.000367612
0 0.292683 0.000320707
0 0.317073 0.000347629
0 0.341463 0.000312082
0 0.365854 0.000227025
0 0.390244 0.000136186
0 0.414634 6.84932e-05
0 0.439024 3.04441e-05
0 0.463415 1.47966e-05
0 0.487805 6.48313e-06
0 0.097561 0.000232712
0 0.121951 0.000367612
0 0.146341 0.000506925
0 0.170732 0.000590556
0 0.195122 0.000565161
0 0.219512 0.00044569
0 0.243902 0.000324473
0 0.268293 0.000286179
0 -0.487805 -6.48313e-06
0 -0.463415 -1.47966e-05
0 -0.439024 -3.04441e-05
0 -0.414634 -6.84932e-05
0 -0.390244 -0.000136186
0 -0.365854 -0.000227025
0 0.243902 0.000324473
0 0.268293 0.000286179
0 -0.097561 -0.000232712
0 -0.0731707 -0.00013203
0 -0.0487805 -6.72726e-05
0 -0.0243902 -2.75861e-05
0 4.51028e-17 -1.0643e-09
0 0.0243902 2.75862e-05
0 0.0487805 6.72727e-05
0 0.0731707 0.00013203
0 0.097561 0.000232712
0 0.121951 0.000367612
0 0.146341 0.000506925
0 0.170732 0.000590556
0 0.195122 0.000565161
0 0.219512 0.00044569
0 -0.341463 -0.000312082
0 -0.317073 -0.000347629
0 -0.292683 -0.000320707
0 -0.268293 -0.000286179
0 -0.243902 -0.000324473
0 -0.219512 -0.00044569
0 -0.195122 -0.000565161
0 -0.170732 -0.000590556
0 -0.146341 -0.000506925
0 -0.121951 -0.000367612
0 0.463415 1.47966e-05
0 0.487805 6.48313e-06
0 0.292683 0.000320707
0 0.317073 0.000347629
0 0.341463 0.000312082
0 0.365854 0.000227025
0 0.390244 0.000136186
0 0.414634 6.84932e-05
0 0.439024 3.04441e-05
